0.113405365 0.00091837114 1
0.161794233 0.00244414432 2
0.198459844 0.00395391261 3
0.229533342 0.00622267808 4
0.256986141 0.00915352262 5
0.281869916 0.0127267829 6
0.304844119 0.0169458017 7
0.326311636 0.0218130815 8
0.346930483 0.0273283627 9
0.366167249 0.0334935042 10
0.384533066 0.0403374175 11
0.4021472 0.0478043321 12
0.41910438 0.0559236555 13
0.435481325 0.0646906621 14
0.451341172 0.0741121359 15
0.466736627 0.0841851414 16
0.481712203 0.09490988 17
0.496305907 0.106286489 18
0.510550484 0.118315096 19
0.524474378 0.130995953 20
0.538102488 0.144331391 21
0.551456746 0.158322771 22
0.564556589 0.172961933 23
0.577419336 0.188253389 24
0.590060505 0.204198529 25
0.602495427 0.220796601 26
0.61473397 0.238049182 27
0.626788924 0.255954381 28
0.638670697 0.274513741 29
0.65038878 0.293726846 30
0.66195188 0.313593979 31
0.673367992 0.33411603 32
0.684644476 0.355292246 33
0.695788133 0.377123328 34
0.706805254 0.399609498 35
0.717701681 0.422750829 36
0.728482836 0.446547726 37
0.739153773 0.471000204 38
0.749719215 0.496119975 39
0.760183568 0.521885236 40
0.770550962 0.548298221 41
0.780825273 0.575376213 42
0.79101014 0.603110718 43
0.801108984 0.631502712 44
0.811125029 0.660551958 45
0.821061323 0.690258851 46
0.830920735 0.720623756 47
0.840705985 0.751646834 48
0.850419642 0.783328377 49
0.860064146 0.815668884 50
0.869641815 0.848668458 51
0.87915484 0.882327508 52
0.888605311 0.916646223 53
0.897995219 0.951624723 54
0.907326458 0.9872639 55
0.91660083 1.0235637 56
0.925820058 1.06052376 57
0.934985788 1.09814574 58
0.94409959 1.13642833 59
0.953162968 1.17537406 60
0.96217736 1.21498282 61
0.971144148 1.25525246 62
0.980064648 1.29618605 63
0.988940129 1.33778231 64
0.997771805 1.3800431 65
1.00656085 1.42296813 66
1.01530837 1.46655603 67
1.02401546 1.51080925 68
1.03268314 1.55572911 69
1.04131242 1.60131336 70
1.04990427 1.6475643 71
1.0584596 1.69448065 72
1.0669793 1.74213303 73
1.07546425 1.79038527 74
