0.114078457 0.00512494645 1
0.166973518 0.0126389061 2
0.194041875 0.021720824 3
0.228894662 0.0331641347 4
0.253824268 0.0471301568 5
0.287966199 0.060794209 6
0.297549772 0.0766921619 7
0.318329333 0.0938587438 8
0.345772047 0.111010879 9
0.367508598 0.127829545 10
0.379605633 0.139394518 11
0.412801352 0.159222869 12
0.401714839 0.173890833 13
0.435072277 0.198814797 14
0.46166433 0.208990414 15
0.470431759 0.232523293 16
0.476872863 0.240679995 17
0.484778894 0.271810797 18
0.509609463 0.28101429 19
0.532350367 0.299246786 20
0.548922857 0.316621297 21
0.561372165 0.331762236 22
0.557322321 0.348087024 23
0.570000078 0.359755337 24
0.6012975 0.38971043 25
0.583534682 0.408629417 26
0.607324839 0.421182309 27
0.634272174 0.418625421 28
0.625516229 0.442678923 29
0.658090012 0.472073293 30
0.654437753 0.479523833 31
0.691858781 0.475675352 32
0.688611415 0.511120423 33
0.700731328 0.509556047 34
0.697385269 0.510928149 35
0.719324801 0.564984343 36
0.719174245 0.569580919 37
0.757707037 0.59147299 38
0.746195672 0.592651045 39
0.765740263 0.613869982 40
0.755417252 0.610429303 41
0.763746828 0.61515143 42
0.797851427 0.629103065 43
0.803041966 0.6654706 44
0.797334455 0.660439943 45
0.813417075 0.665403568 46
0.83809375 0.704264355 47
0.837686726 0.713005037 48
0.867967579 0.69387362 49
0.866956623 0.725653386 50
0.872060847 0.725832838 51
0.849895551 0.732754005 52
0.912142161 0.785925566 53
0.901097707 0.760437343 54
0.922747495 0.786523985 55
0.899886038 0.797845765 56
0.92742328 0.796391256 57
0.936978191 0.822171377 58
0.938470793 0.818547531 59
0.966055582 0.851530068 60
0.970919343 0.799279303 61
0.956205565 0.872665627 62
0.976511626 0.855242192 63
1.01548508 0.90280274 64
0.994915213 0.872396042 65
0.999621385 0.894294295 66
1.01382426 0.897496534 67
0.998612009 0.871797435 68
1.04061018 0.925831802 69
1.04346966 0.944693487 70
1.02941324 0.943387302 71
1.07903682 0.946212459 72
1.09375373 0.958348934 73
1.05968845 0.959575913 74
