0.0216585767 1
0.0163929728 2
0.0162936254 3
0.0128486604 4
0.0132286513 5
0.00990953894 6
0.00996964344 7
0.0100122428 8
0.00909315516 9
0.00794784903 10
0.00872967236 11
0.00665616687 12
0.00872392124 13
0.00805284566 14
0.00624591723 15
0.00754455744 16
0.00704666167 17
0.00677991067 18
0.00779043269 19
0.00839902557 20
0.00793217355 21
0.00655902171 22
0.00609042726 23
0.00505027823 24
0.00566398695 25
0.00660999326 26
0.0051571048 27
0.00486378883 28
0.00534209699 29
0.00613958051 30
0.00580931858 31
0.00549337277 32
0.00647575092 33
0.00623116737 34
0.00499828594 35
0.00513982513 36
0.00491719767 37
0.00487327204 38
0.00702446386 39
0.00464756175 40
0.00576451246 41
0.00594861401 42
0.0063513022 43
0.0048166551 44
0.00505244856 45
0.00478498801 46
0.00409979964 47
0.00460620655 48
0.00441264733 49
0.00582657923 50
0.00546743916 51
0.00459285717 52
0.00468365797 53
0.00527578245 54
0.00439657619 55
0.00516125424 56
0.00428191188 57
0.00461531169 58
0.00466928695 59
0.00418491825 60
0.0044846742 61
0.00477514612 62
0.00442781108 63
0.00398297291 64
0.00560880922 65
0.00444423008 66
0.00456482508 67
0.00478054956 68
0.00470732285 69
0.00543652772 70
0.00496004148 71
0.00515366002 72
0.00420368646 73
0.00490742252 74
0.00460566328 75
0.00455467036 76
0.00501255306 77
0.00545587936 78
0.0045850183 79
0.00494744166 80
0.00621420418 81
0.0046533746 82
0.00457198902 83
0.00513046221 84
0.00465867 85
0.00560464061 86
0.00456832232 87
0.0046091499 88
0.00484909985 89
0.00519687105 90
0.00655450112 91
0.00488914398 92
0.00470747946 93
0.00523788071 94
0.00590982887 95
0.00477646918 96
0.00476123063 97
0.00499210041 98
0.00507124438 99
0.00525427991 100
0.00523909402 101
0.00547584752 102
0.00506591523 103
0.00482829215 104
0.00533763723 105
0.0062002091 106
0.00506755472 107
0.00550462052 108
0.00520870284 109
0.00532791305 110
0.00537944707 111
0.00555600755 112
0.00596892239 113
0.00564572546 114
0.00643472667 115
0.00547734568 116
0.00565187252 117
0.00550343785 118
0.00540397936 119
0.00550101208 120
0.00559756199 121
0.00555883736 122
0.00570131716 123
0.00566840399 124
0.00548821196 125
0.00599402528 126
0.00602593942 127
0.00573390432 128
0.00591267586 129
0.00643412516 130
0.0057775943 131
0.00644293305 132
0.00616682527 133
0.00651922412 134
0.00678635199 135
0.00629582997 136
0.00652814599 137
0.00628068551 138
0.00605199048 139
0.00632379798 140
0.0060922516 141
0.00646210928 142
0.00687450596 143
0.00631975958 144
0.00632781042 145
0.00643470027 146
0.00672683899 147
0.00686326169 148
0.00649382777 149
