0.0216585767 2.41426405e-08 1
0.0163929728 2.46404792e-08 2
0.0162936254 2.7564631e-08 3
0.0128486604 2.73117391e-08 4
0.0132286513 2.28126509e-08 5
0.00990953894 2.07415386e-08 6
0.00996964344 2.05735881e-08 7
0.0100122428 1.90864331e-08 8
0.00909315516 1.81548192e-08 9
0.00794784903 1.81548192e-08 10
0.00872967236 1.86264515e-08 11
0.00665616687 1.77685023e-08 12
0.00872392124 1.88117939e-08 13
0.00805284566 1.84392462e-08 14
0.00624591723 1.78658646e-08 15
0.00754455744 1.84392462e-08 16
0.00704666167 1.87193521e-08 17
0.00677991067 1.91771055e-08 18
0.00779043269 1.89953279e-08 19
0.00839902557 1.95355871e-08 20
0.00793217355 1.91771055e-08 21
0.00655902171 2.0657734e-08 22
0.00609042726 1.89953279e-08 23
0.00505027823 1.5694927e-08 24
0.00566398695 1.53597654e-08 25
0.00660999326 1.45477237e-08 26
0.0051571048 1.31708902e-08 27
0.00486378883 1.3038516e-08 28
0.00534209699 1.27696518e-08 29
0.00613958051 1.393876e-08 30
0.00580931858 1.14821158e-08 31
0.00549337277 1.19267483e-08 32
0.00647575092 1.03707693e-08 33
0.00623116737 1.03707693e-08 34
0.00499828594 3.7252903e-09 35
0.00513982513 8.93293232e-09 36
0.00491719767 4.16500117e-09 37
0.00487327204 2.63417803e-09 38
0.00702446386 7.21399364e-09 39
0.00464756175 7.4505806e-09 40
0.00576451246 9.12506037e-09 41
0.00594861401 6.45239207e-09 42
0.0063513022 1.02021276e-08 43
0.0048166551 8.11908197e-09 44
0.00505244856 6.17769508e-09 45
0.00478498801 1.86264515e-09 46
0.00409979964 3.7252903e-09 47
0.00460620655 5.89020114e-09 48
0.00441264733 1.86264515e-09 49
0.00582657923 6.96937998e-09 50
0.00546743916 6.45239207e-09 51
0.00459285717 1.86264515e-09 52
0.00468365797 3.7252903e-09 53
0.00527578245 4.56253019e-09 54
0.00439657619 3.22619603e-09 55
0.00516125424 6.17769508e-09 56
0.00428191188 6.17769508e-09 57
0.00461531169 1.03707693e-08 58
0.00466928695 6.45239207e-09 59
0.00418491825 6.45239207e-09 60
0.0044846742 4.16500117e-09 61
0.00477514612 3.22619603e-09 62
0.00442781108 8.33000234e-09 63
0.00398297291 7.21399364e-09 64
0.00560880922 4.92809585e-09 65
0.00444423008 5.26835606e-09 66
0.00456482508 2.63417803e-09 67
0.00478054956 8.11908197e-09 68
0.00470732285 4.92809585e-09 69
0.00543652772 8.93293232e-09 70
0.00496004148 6.96937998e-09 71
0.00515366002 8.11908197e-09 72
0.00420368646 2.63417803e-09 73
0.00490742252 8.93293232e-09 74
0.00460566328 1.07000817e-08 75
0.00455467036 1.03707693e-08 76
0.00501255306 1.86264515e-09 77
0.00545587936 8.93293232e-09 78
0.0045850183 7.9025341e-09 79
0.00494744166 5.89020114e-09 80
0.00621420418 7.9025341e-09 81
0.0046533746 5.89020114e-09 82
0.00457198902 7.9025341e-09 83
0.00513046221 4.92809585e-09 84
0.00465867 6.17769508e-09 85
0.00560464061 8.53571239e-09 86
0.00456832232 7.67988269e-09 87
0.0046091499 9.6785881e-09 88
0.00484909985 4.16500117e-09 89
0.00519687105 6.17769508e-09 90
0.00655450112 9.31322575e-09 91
0.00488914398 4.16500117e-09 92
0.00470747946 6.71586259e-09 93
0.00523788071 9.6785881e-09 94
0.00590982887 1.00306511e-08 95
0.00477646918 1.02021276e-08 96
0.00476123063 1.10195573e-08 97
0.00499210041 1.19267483e-08 98
0.00507124438 1.34317252e-08 99
0.00525427991 1.3301947e-08 100
0.00523909402 1.2633074e-08 101
0.00547584752 1.41854828e-08 102
0.00506591523 1.35602614e-08 103
0.00482829215 1.34317252e-08 104
0.00533763723 1.40626625e-08 105
0.0062002091 1.53597654e-08 106
0.00506755472 1.27696518e-08 107
0.00550462052 1.35602614e-08 108
0.00520870284 1.47842875e-08 109
0.00532791305 1.41854828e-08 110
0.00537944707 1.34317252e-08 111
0.00555600755 1.5694927e-08 112
0.00596892239 1.67638063e-08 113
0.00564572546 1.52464076e-08 114
0.00643472667 1.5694927e-08 115
0.00547734568 1.71727398e-08 116
0.00565187252 1.59144471e-08 117
0.00550343785 1.66600047e-08 118
0.00540397936 1.68669692e-08 119
0.00550101208 1.59144471e-08 120
0.00559756199 1.65555522e-08 121
0.00555883736 1.62381639e-08 122
0.00570131716 1.79626993e-08 123
0.00566840399 1.72734605e-08 124
0.00548821196 1.69695049e-08 125
0.00599402528 1.76706034e-08 126
0.00602593942 1.59144471e-08 127
0.00573390432 1.82501207e-08 128
0.00591267586 1.63446449e-08 129
0.00643412516 1.79626993e-08 130
0.0057775943 1.86264515e-08 131
0.00644293305 1.83449272e-08 132
0.00616682527 1.79626993e-08 133
0.00651922412 1.82501207e-08 134
0.00678635199 1.88117939e-08 135
0.00629582997 1.94465863e-08 136
0.00652814599 1.93571762e-08 137
0.00628068551 1.91771055e-08 138
0.00605199048 1.92673512e-08 139
0.00632379798 2.04042553e-08 140
0.0060922516 2.02335054e-08 141
0.00646210928 2.04890966e-08 142
0.00687450596 1.94465863e-08 143
0.00631975958 2.00613022e-08 144
0.00632781042 1.89037836e-08 145
0.00643470027 2.02335054e-08 146
0.00672683899 1.9887608e-08 147
0.00686326169 2.09909448e-08 148
0.00649382777 2.03190597e-08 149
