0.0216434024 2.41426405e-08 1
0.016471392 2.15616765e-08 2
0.0164098092 1.90864331e-08 3
0.0129288463 1.45477237e-08 4
0.013314268 9.85619169e-09 5
0.0103360187 1.19267483e-08 6
0.0103728838 1.07000817e-08 7
0.0104037457 8.53571239e-09 8
0.00957677784 7.67988269e-09 9
0.00844478609 7.21399364e-09 10
0.00941888667 1.02021276e-08 11
0.00754786005 9.31322575e-09 12
0.00946535588 9.85619169e-09 13
0.00898340137 4.92809585e-09 14
0.00743584709 7.4505806e-09 15
0.00842676816 1.10195573e-08 16
0.00808432937 1.10195573e-08 17
0.00789418487 1.19267483e-08 18
0.00893944667 1.17804023e-08 19
0.00951589818 1.16322152e-08 20
0.00924019441 1.24950035e-08 21
0.00808610116 1.02021276e-08 22
0.0077190271 1.24950035e-08 23
0.0069542161 8.73658016e-09 24
0.00753540983 1.00306511e-08 25
0.00824491009 5.89020114e-09 26
0.00728523072 6.96937998e-09 27
0.00718323391 8.33000234e-09 28
0.00769847502 8.93293232e-09 29
0.00831638505 6.96937998e-09 30
0.0078826616 5.26835606e-09 31
0.00788697541 4.16500117e-09 32
0.00828960291 3.22619603e-09 33
0.00858467203 3.22619603e-09 34
0.00764183931 5.89020114e-09 35
0.00791977944 6.45239207e-09 36
0.00773442561 8.11908197e-09 37
0.00747252593 6.96937998e-09 38
0.00940640123 7.21399364e-09 39
0.00748492674 7.9025341e-09 40
0.00868689628 6.96937998e-09 41
0.00848759014 8.11908197e-09 42
0.00901439552 5.58793545e-09 43
0.00790239494 9.49766396e-09 44
0.00812909667 6.71586259e-09 45
0.00812871998 3.7252903e-09 46
0.00745162535 8.93293232e-09 47
0.00823484065 1.08609943e-08 48
0.00817218805 6.17769508e-09 49
0.00855592568 9.12506037e-09 50
0.00844576618 4.92809585e-09 51
0.00834445679 1.00306511e-08 52
0.00847459972 8.53571239e-09 53
0.00898196351 9.31322575e-09 54
0.00816268919 1.02021276e-08 55
0.0087827393 8.53571239e-09 56
0.00852171132 8.93293232e-09 57
0.00865816399 1.10195573e-08 58
0.00894164451 1.19267483e-08 59
0.00877368307 7.4505806e-09 60
0.00864972156 8.73658016e-09 61
0.00884881666 1.05367121e-08 62
0.00874272295 7.9025341e-09 63
0.00856798247 7.4505806e-09 64
0.00974869503 9.85619169e-09 65
0.00865626901 4.92809585e-09 66
0.00880345391 6.71586259e-09 67
0.00956906504 6.45239207e-09 68
0.00900945752 6.17769508e-09 69
0.00928566693 5.58793545e-09 70
0.00956763389 8.53571239e-09 71
0.00943570598 9.6785881e-09 72
0.00883847022 9.31322575e-09 73
0.00950241556 1.86264515e-09 74
0.00942394465 4.16500117e-09 75
0.00919823309 2.63417803e-09 76
0.00967390104 1.86264515e-09 77
0.0100916157 1.86264515e-09 78
0.00943427174 8.33000234e-09 79
0.0098418351 8.33000234e-09 80
0.0101175108 6.17769508e-09 81
0.00953261383 2.63417803e-09 82
0.0097969624 2.63417803e-09 83
0.0101080371 4.56253019e-09 84
0.00973142847 0 85
0.0100673184 3.7252903e-09 86
0.0099432671 5.89020114e-09 87
0.00965856647 8.11908197e-09 88
0.00985271307 2.63417803e-09 89
0.0101178947 7.21399364e-09 90
0.0111386234 1.03707693e-08 91
0.0102060682 8.93293232e-09 92
0.0101946931 9.85619169e-09 93
0.010259021 1.24950035e-08 94
0.0104887283 1.03707693e-08 95
0.0103062297 1.2633074e-08 96
0.0100464608 1.27696518e-08 97
0.0103653168 1.13300281e-08 98
0.0104994392 1.24950035e-08 99
0.0104697256 1.41854828e-08 100
0.0106818454 1.35602614e-08 101
0.0107025272 1.52464076e-08 102
0.010309869 1.49011612e-08 103
0.0101626959 1.49011612e-08 104
0.0106718853 1.55840074e-08 105
0.0110644836 1.60230794e-08 106
0.0108144149 1.41854828e-08 107
0.0109754122 1.41854828e-08 108
0.0108032217 1.66600047e-08 109
0.0106340707 1.47842875e-08 110
0.0107159755 1.47842875e-08 111
0.0111337961 1.49011612e-08 112
0.0111891868 1.55840074e-08 113
0.0110197095 1.52464076e-08 114
0.0113629284 1.49011612e-08 115
0.0110596933 1.5694927e-08 116
0.0114098171 1.72734605e-08 117
0.0114869619 1.47842875e-08 118
0.011158656 1.393876e-08 119
0.0113789346 1.52464076e-08 120
0.0115761579 1.52464076e-08 121
0.0109964737 1.43072489e-08 122
0.0113872066 1.52464076e-08 123
0.0115294063 1.51322007e-08 124
0.0111130326 1.65555522e-08 125
0.0114802854 1.54722926e-08 126
0.0116982066 1.5694927e-08 127
0.0114834693 1.5694927e-08 128
0.0118201915 1.69695049e-08 129
0.0119636171 1.22141811e-08 130
0.0116875725 1.3038516e-08 131
0.0118309724 1.61309802e-08 132
0.0119672893 1.36875906e-08 133
0.0119798197 1.54722926e-08 134
0.0123673233 1.54722926e-08 135
0.0117897468 1.41854828e-08 136
0.0120898136 1.53597654e-08 137
0.0119270734 1.49011612e-08 138
0.0119677453 1.393876e-08 139
0.0117080988 1.31708902e-08 140
0.0120999094 1.55840074e-08 141
0.0120394387 1.16322152e-08 142
0.0118892631 1.40626625e-08 143
0.0121707677 1.10195573e-08 144
0.0124753733 1.17804023e-08 145
0.0123334453 1.31708902e-08 146
0.0120242462 1.46664826e-08 147
0.012308192 1.40626625e-08 148
0.0126092165 1.19267483e-08 149
